'A': []
'B': []
'C': []
'D': []
'E': []
'F': []
'G': []
'I': []
'L': []
'M': []
'N': []
'O': []
'P': []
'Q': []
'R': []
'S': []
'T': []
'U': []
'V': []
'W': []
'X': []
'a': [(64, 2), (37, 4), (20, 6), (56, 11), (52, 12), (53, 12), (64,
14), (76, 21), (64, 22), (59, 24), (3, 30), (65, 35), (69, 35), (57,
36), (58, 36), (79, 37), (77, 42), (53, 48), (31, 50), (78, 59), (5,
60), (77, 61), (6, 63), (33, 66), (28, 69), (31, 73), (76, 74), (0,
82)]
'b': []
'c': [(41, 0), (68, 0), (13, 10), (82, 41), (10, 45), (3, 54)]
'd': [(37, 19)]
'e': [(10, 1), (14, 2), (24, 3), (17, 6), (76, 6), (77, 6), (80, 6),
(1, 8), (20, 10), (40, 11), (81, 14), (69, 15), (67, 17), (72, 23),
(40, 26), (18, 27), (73, 27), (51, 31), (42, 36), (29, 38), (71, 38),
(15, 43), (29, 43), (68, 46), (82, 47), (37, 48), (42, 48), (70, 49),
(47, 50), (58, 50), (46, 52), (22, 53), (57, 54), (58, 54), (41, 57),
(21, 61), (0, 63), (10, 64), (7, 65), (24, 65), (78, 65), (63, 66),
(28, 67), (65, 69), (66, 72), (28, 73), (59, 73), (4, 77)]
'f': [(77, 1), (30, 59)]
'g': []
'h': [(27, 2), (37, 2), (73, 12), (56, 31)]
'i': [(31, 0), (1, 5), (73, 13), (77, 13), (55, 17), (31, 31), (44,
33), (8, 37), (60, 45), (68, 51), (19, 55), (9, 60), (52, 69)]
'j': []
'k': []
'l': [(33, 45), (53, 45), (46, 61), (28, 72), (41, 77)]
'm': [(44, 0), (16, 5), (34, 40), (34, 60), (28, 70)]
'n': [(31, 1), (1, 9), (56, 13), (35, 18), (64, 29), (51, 32), (54,
33), (67, 35), (19, 37), (67, 40), (14, 54), (20, 56), (67, 57), (21,
62), (0, 83)]
'o': [(41, 1), (53, 1), (50, 2), (52, 8), (79, 10), (33, 11), (27,
17), (28, 17), (33, 26), (10, 27), (32, 34), (6, 38), (7, 38), (71,
42), (58, 45), (81, 52), (44, 55), (30, 58), (15, 60), (5, 66), (4,
75)]
'p': [(41, 18), (28, 71)]
'q': []
'r': [(1, 4), (52, 5), (33, 10), (7, 13), (17, 14), (15, 18), (69,
22), (43, 25), (67, 29), (60, 30), (33, 37), (47, 37), (6, 39), (62,
39), (55, 40), (46, 42), (6, 50), (19, 54), (20, 54), (28, 65), (31,
70)]
's': [(54, 0), (49, 14), (8, 21), (71, 24), (79, 24), (37, 34), (45,
34), (67, 37), (70, 41), (46, 44), (28, 45), (4, 49), (52, 53), (29,
56), (30, 56), (3, 57), (9, 58), (3, 63), (40, 63)]
't': [(37, 0), (50, 0), (16, 3), (71, 3), (72, 3), (23, 4), (24, 4),
(69, 5), (1, 6), (0, 7), (1, 7), (22, 8), (35, 10), (72, 10), (54,
11), (15, 12), (4, 14), (30, 16), (77, 22), (4, 23), (28, 23), (46,
24), (7, 29), (27, 31), (19, 33), (51, 33), (59, 33), (3, 37), (41,
45), (58, 49), (28, 52), (55, 54), (13, 55), (61, 56), (72, 59), (52,
61), (67, 71), (41, 73), (8, 75), (59, 75), (58, 78)]
'u': []
'v': []
'w': [(1, 3), (21, 70)]
'x': [(28, 68)]
'y': [(44, 5)]
'z': []
